   8       0 sda 11314923 25135 1101527519 12089666 99190465 55936814 36844728592 3583964804 0 129046843 3587088475 0 0 0 0
   8       1 sda1 11314867 25135 1101523151 12089571 99190465 55936814 36844728592 3583964804 0 129047181 3583841260 0 0 0 0
   8      16 sdb 76879 247 5623695 316471 965134 144506 445340840 236734978 0 1272408 237004399 0 0 0 0
   8      17 sdb1 76823 247 5619327 316390 965134 144506 445340840 236734978 0 1272329 237000342 0 0 0 0
   8      32 sdc 264619 0 6701567 983300 650351 1303894 219722088 216589823 0 1646395 152621205 0 0 0 0
   8      33 sdc1 264563 0 6697199 983257 650351 1303894 219722088 216589823 0 1646351 152615489 0 0 0 0
   8      64 sde 939630 0 23873919 2702962 1086010 2457906 228157816 262520798 0 3411912 218341303 0 0 0 0
   8      65 sde1 939581 0 23869607 2702892 1086010 2457906 228157816 262520798 0 3411829 218297586 0 0 0 0
   8      48 sdd 1093364 0 27286359 4645931 2705166 4017973 879806904 768259898 0 6293664 707311757 0 0 0 0
   8      49 sdd1 1093308 0 27281991 4645846 2705166 4017973 879806904 768259898 0 6293556 707181233 0 0 0 0
   8      80 sdf 587884 0 14130295 5003145 7442500 2330900 3468387808 2724728899 0 13164546 2614018127 0 0 0 0
   8      81 sdf1 587835 0 14125983 5003078 7442500 2330900 3468387808 2724728899 0 13164470 2613924876 0 0 0 0
   8      96 sdg 44955 0 11394431 37979 10143 5 3978696 2364176 0 38805 2402105 0 0 0 0
   8      97 sdg1 44906 0 11390119 37926 10143 5 3978696 2364176 0 38756 2401819 0 0 0 0
   8     144 sdj 188 0 11246 478 0 0 0 0 0 339 482 0 0 0 0
   8     145 sdj1 132 0 6878 424 0 0 0 0 0 286 429 0 0 0 0
   8     112 sdh 1988952 0 49714615 6665661 2381225 4680961 539984944 539683950 0 8017110 516092873 0 0 0 0
   8     113 sdh1 1988896 0 49710247 6665575 2381225 4680961 539984944 539683950 0 8016972 516010432 0 0 0 0
   8     128 sdi 188 0 11246 443 0 0 0 0 0 317 437 0 0 0 0
   8     129 sdi1 132 0 6878 365 0 0 0 0 0 243 363 0 0 0 0
 259       0 nvme4n1 42039716 13268 5116661183 6358153 54272634 12712560 9814843426 693123173 0 668206156 1390455422 231961 0 106900262952 11255143
 259       1 nvme4n1p1 42039664 13268 5116656895 6358144 54272634 12712560 9814843426 693123173 0 5146972 714722675 231961 0 106900262952 11255143
 259       2 nvme2n1 13206163 26517 885011745 1651344 89282547 7821895 16842645160 2119048151 0 1467153929 3640704503 212174 0 119719404976 12388029
 259       5 nvme2n1p1 13206111 26517 885007457 1651335 89282547 7821895 16842645160 2119048151 0 4651377 2136537060 212174 0 119719404976 12388029
 259       3 nvme0n1 38656719 20653167 1593924207 5560754 115612722 79446327 3858061168 183696467 0 1672672766 2137560661 162878 0 115794146840 11477780
 259       7 nvme0n1p1 9631 0 15809 19031 1 0 1 0 0 255 19785 102 0 27388904 116
 259       9 nvme0n1p2 308 0 8037 25 232 0 6469 43 0 189 189 102 0 129572096 151
 259      10 nvme0n1p3 38646682 20653167 1593894033 5541687 115612489 79446327 3858054698 183696423 0 4499703 201458633 162674 0 115637185840 11477513
 259       4 nvme1n1 5055334 11222 457458467 469192 20978097 10819196 3913314914 239081666 0 641524198 905258923 83510 0 129688199600 16142555
 259       8 nvme1n1p1 5055282 11222 457454179 469181 20978097 10819196 3913314914 239081666 0 1334190 256684226 83510 0 129688199600 16142555
 259       6 nvme3n1 2878317 27971 129032109 316518 3671722 2102371 527680027 39132414 0 873960105 930703884 65818 0 129758615464 15925184
 259      11 nvme3n1p1 2878265 27971 129027821 316510 3671722 2102371 527680027 39132414 0 524440 55542588 65818 0 129758615464 15925184
 259      12 nvme6n1 178 0 11190 25 0 0 0 0 0 2660 2662 0 0 0 0
 259      15 nvme6n1p1 126 0 6902 14 0 0 0 0 0 14 15 0 0 0 0
 259      13 nvme7n1 178 0 11190 23 0 0 0 0 0 2585 2587 0 0 0 0
 259      16 nvme7n1p1 126 0 6902 13 0 0 0 0 0 12 14 0 0 0 0
 259      14 nvme5n1 178 0 11190 23 0 0 0 0 0 2586 2589 0 0 0 0
 259      17 nvme5n1p1 126 0 6902 12 0 0 0 0 0 11 11 0 0 0 0
 253       0 dm-0 15481341 0 1242109869 3519757 12280399 0 721221205 70722997 0 1948790 86116627 159869 0 110311837456 11445031
 253       1 dm-1 43788638 0 350312792 3429758 174208387 0 1949921176 230075940 0 2133054 234488344 0 0 0 0
 253       2 dm-2 13232546 0 885002627 1650655 97104442 0 16842645160 2131507898 0 4674054 2146000019 212174 0 119719404976 12387681
 253       3 dm-3 42052850 0 5116652065 6399142 66985194 0 9814843426 711713150 0 5112932 729792573 231961 0 106900262952 11255530
 253       4 dm-4 939492 0 23864801 2707490 3543916 0 228157816 1200041139 0 3410495 1202924895 0 0 0 0
 253       5 dm-5 587746 0 14121177 5013865 9773401 0 3468387808 3674981825 0 13163432 3680137769 0 0 0 0
 253       6 dm-6 44817 0 11385313 37752 10148 0 3978696 2372370 0 38660 2410123 0 0 0 0
 253       7 dm-7 29840 0 1468156 8035 8570030 0 1186912317 35203110 0 299286 35253436 2805 0 5325348384 32330
 253       8 dm-8 264474 0 6692393 986066 1954245 0 219722088 784255704 0 1645860 785260898 0 0 0 0
 253       9 dm-9 43 0 2072 257 0 0 0 0 0 156 257 0 0 0 0
 253      10 dm-10 11403493 0 1101518345 12200617 155128254 0 36844728592 3521909012 0 129061694 3536234631 0 0 0 0
 253      11 dm-11 1093219 0 27277185 4655928 6723143 0 879806904 2167121174 0 6292210 2171905670 0 0 0 0
 253      12 dm-12 2906154 0 129022991 315414 5774093 0 527680027 41537667 0 524560 57803829 65818 0 129758615464 15925787
 253      13 dm-13 5066422 0 457449349 468408 31797293 0 3913314914 249440061 0 1311048 266185888 83510 0 129688199600 16142267
 253      14 dm-14 43 0 2072 162 0 0 0 0 0 101 162 0 0 0 0
 253      15 dm-15 44 0 2072 1 0 0 0 0 0 1 1 0 0 0 0
 253      16 dm-16 77018 0 5614521 317569 1109641 0 445340840 262409266 0 1272094 262727364 0 0 0 0
 253      17 dm-17 44 0 2072 3 0 0 0 0 0 2 3 0 0 0 0
 253      18 dm-18 44 0 2072 5 0 0 0 0 0 4 5 0 0 0 0
 253      19 dm-19 1988807 0 49705441 6676887 7062186 0 539984944 2118880642 0 8014223 2125873754 0 0 0 0
