   8       0 sda 11314922 25135 1101527487 12089658 99188242 55936419 36844575896 3583951432 0 129046221 3587075291 0 0 0 0
   8       1 sda1 11314866 25135 1101523119 12089563 99188242 55936419 36844575896 3583951432 0 129046559 3583828076 0 0 0 0
   8      16 sdb 76878 247 5623687 316456 965134 144506 445340840 236734978 0 1272393 237004384 0 0 0 0
   8      17 sdb1 76822 247 5619319 316376 965134 144506 445340840 236734978 0 1272314 237000327 0 0 0 0
   8      32 sdc 264619 0 6701567 983300 650351 1303894 219722088 216589823 0 1646395 152621205 0 0 0 0
   8      33 sdc1 264563 0 6697199 983257 650351 1303894 219722088 216589823 0 1646351 152615489 0 0 0 0
   8      64 sde 939630 0 23873919 2702962 1086010 2457906 228157816 262520798 0 3411912 218341303 0 0 0 0
   8      65 sde1 939581 0 23869607 2702892 1086010 2457906 228157816 262520798 0 3411829 218297586 0 0 0 0
   8      48 sdd 1093364 0 27286359 4645931 2705166 4017973 879806904 768259898 0 6293664 707311757 0 0 0 0
   8      49 sdd1 1093308 0 27281991 4645846 2705166 4017973 879806904 768259898 0 6293556 707181233 0 0 0 0
   8      80 sdf 587884 0 14130295 5003145 7442500 2330900 3468387808 2724728899 0 13164546 2614018127 0 0 0 0
   8      81 sdf1 587835 0 14125983 5003078 7442500 2330900 3468387808 2724728899 0 13164470 2613924876 0 0 0 0
   8      96 sdg 44955 0 11394431 37979 10143 5 3978696 2364176 0 38805 2402105 0 0 0 0
   8      97 sdg1 44906 0 11390119 37926 10143 5 3978696 2364176 0 38756 2401819 0 0 0 0
   8     144 sdj 188 0 11246 478 0 0 0 0 0 339 482 0 0 0 0
   8     145 sdj1 132 0 6878 424 0 0 0 0 0 286 429 0 0 0 0
   8     112 sdh 1988952 0 49714615 6665661 2381225 4680961 539984944 539683950 0 8017110 516092873 0 0 0 0
   8     113 sdh1 1988896 0 49710247 6665575 2381225 4680961 539984944 539683950 0 8016972 516010432 0 0 0 0
   8     128 sdi 188 0 11246 443 0 0 0 0 0 317 437 0 0 0 0
   8     129 sdi1 132 0 6878 365 0 0 0 0 0 243 363 0 0 0 0
 259       0 nvme4n1 42039664 13268 5116658991 6358145 54262016 12706680 9814285316 693121161 0 666557158 1388804020 231961 0 106900262952 11255143
 259       1 nvme4n1p1 42039612 13268 5116654703 6358136 54262016 12706680 9814285316 693121161 0 5146795 714720523 231961 0 106900262952 11255143
 259       2 nvme2n1 13206154 26517 885011625 1651340 89281015 7821820 16842502718 2119047833 0 1465541286 3639091628 212174 0 119719404976 12388029
 259       5 nvme2n1p1 13206102 26517 885007337 1651332 89281015 7821820 16842502718 2119047833 0 4651326 2136536791 212174 0 119719404976 12388029
 259       3 nvme0n1 38656698 20653132 1593923743 5560751 115611729 79446229 3858045003 183696383 0 1671026843 2135865621 162878 0 115794146840 11477780
 259       7 nvme0n1p1 9631 0 15809 19031 1 0 1 0 0 255 19785 102 0 27388904 116
 259       9 nvme0n1p2 308 0 8037 25 232 0 6469 43 0 189 189 102 0 129572096 151
 259      10 nvme0n1p3 38646661 20653132 1593893569 5541684 115611496 79446229 3858038533 183696339 0 4499694 201458622 162674 0 115637185840 11477513
 259       4 nvme1n1 5055334 11222 457458467 469192 20978042 10819192 3913314275 239081658 0 639936643 903671368 83510 0 129688199600 16142555
 259       8 nvme1n1p1 5055282 11222 457454179 469181 20978042 10819192 3913314275 239081658 0 1334190 256684226 83510 0 129688199600 16142555
 259       6 nvme3n1 2878317 27971 129032109 316518 3671601 2102355 527678385 39132396 0 872327494 929071273 65818 0 129758615464 15925184
 259      11 nvme3n1p1 2878265 27971 129027821 316510 3671601 2102355 527678385 39132396 0 524439 55542587 65818 0 129758615464 15925184
 259      12 nvme6n1 178 0 11190 25 0 0 0 0 0 2660 2662 0 0 0 0
 259      15 nvme6n1p1 126 0 6902 14 0 0 0 0 0 14 15 0 0 0 0
 259      13 nvme7n1 178 0 11190 23 0 0 0 0 0 2585 2587 0 0 0 0
 259      16 nvme7n1p1 126 0 6902 13 0 0 0 0 0 12 14 0 0 0 0
 259      14 nvme5n1 178 0 11190 23 0 0 0 0 0 2586 2589 0 0 0 0
 259      17 nvme5n1p1 126 0 6902 12 0 0 0 0 0 11 11 0 0 0 0
 253       0 dm-0 15481339 0 1242109837 3519757 12280024 0 721214310 70722993 0 1948787 86116623 159869 0 110311837456 11445031
 253       1 dm-1 43788584 0 350312360 3429750 174208380 0 1949921120 230075940 0 2133052 234488336 0 0 0 0
 253       2 dm-2 13232537 0 885002507 1650650 97102835 0 16842502718 2131507626 0 4674003 2145999742 212174 0 119719404976 12387681
 253       3 dm-3 42052798 0 5116649873 6399135 66968696 0 9814285316 711709909 0 5112756 729789262 231961 0 106900262952 11255530
 253       4 dm-4 939492 0 23864801 2707490 3543916 0 228157816 1200041139 0 3410495 1202924895 0 0 0 0
 253       5 dm-5 587746 0 14121177 5013865 9773401 0 3468387808 3674981825 0 13163432 3680137769 0 0 0 0
 253       6 dm-6 44817 0 11385313 37752 10148 0 3978696 2372370 0 38660 2410123 0 0 0 0
 253       7 dm-7 29840 0 1468156 8035 8569321 0 1186903103 35203106 0 299282 35253432 2805 0 5325348384 32330
 253       8 dm-8 264474 0 6692393 986066 1954245 0 219722088 784255704 0 1645860 785260898 0 0 0 0
 253       9 dm-9 43 0 2072 257 0 0 0 0 0 156 257 0 0 0 0
 253      10 dm-10 11403492 0 1101518313 12200609 155125636 0 36844575896 3521893239 0 129061070 3536218850 0 0 0 0
 253      11 dm-11 1093219 0 27277185 4655928 6723143 0 879806904 2167121174 0 6292210 2171905670 0 0 0 0
 253      12 dm-12 2906154 0 129022991 315414 5773956 0 527678385 41537666 0 524559 57803828 65818 0 129758615464 15925787
 253      13 dm-13 5066422 0 457449349 468408 31797234 0 3913314275 249440061 0 1311048 266185888 83510 0 129688199600 16142267
 253      14 dm-14 43 0 2072 162 0 0 0 0 0 101 162 0 0 0 0
 253      15 dm-15 44 0 2072 1 0 0 0 0 0 1 1 0 0 0 0
 253      16 dm-16 77017 0 5614513 317554 1109641 0 445340840 262409266 0 1272079 262727349 0 0 0 0
 253      17 dm-17 44 0 2072 3 0 0 0 0 0 2 3 0 0 0 0
 253      18 dm-18 44 0 2072 5 0 0 0 0 0 4 5 0 0 0 0
 253      19 dm-19 1988807 0 49705441 6676887 7062186 0 539984944 2118880642 0 8014223 2125873754 0 0 0 0
